8.83
96.36
84.30
55.82
31.82
114.92
49.74
36.31
37.13
68.81
61.01
88.86
91.29
23.94
77.22
123.31
84.44
121.37
27.28
100.97
44.91
22.82
113.31
64.20
88.90
118.04
124.11
141.65
113.51
77.78
122.62
31.18
72.02
141.38
95.81
106.74
124.59
56.88
41.08
34.89
29.35
46.25
42.25
22.08
25.43
116.15
91.49
50.48
135.76
19.52
223.88
36.18
53.13
139.14
84.77
157.49
128.26
16.53
107.24
97.31
109.33
29.98
78.73
7.38
-0.28
120.71
97.41
29.22
100.52
9.47
106.30
70.80
80.16
117.17
77.38
28.16
110.13
72.86
120.79
6.38
139.73
115.89
149.10
64.39
41.91
76.12
83.23
53.90
115.48
17.33
20.18
88.13
74.69
81.12
69.12
32.58
13.31
97.94
34.43
46.99
226.28
43.52
7.21
86.47
124.53
112.50
62.29
97.63
90.41
120.09
120.91
67.51
182.39
79.52
74.19
26.46
92.36
131.05
100.01
70.00
88.07
152.04
129.27
15.73
90.82
139.16
77.10
106.27
88.78
85.93
114.68
76.26
41.63
25.50
133.59
80.40
68.96
21.96
75.06
43.42
119.72
55.10
84.91
74.86
107.65
62.81
83.29
40.85
102.87
63.66
99.53
117.23
82.09
89.79
130.97
107.56
120.80
29.92
35.08
40.47
22.29
56.09
72.42
21.82
211.45
120.50
94.52
77.11
84.40
103.96
16.81
71.60
56.24
94.70
94.23
53.41
12.42
84.25
97.52
100.10
40.80
44.03
86.80
149.22
15.43
50.07
96.52
101.76
64.48
31.12
134.76
32.57
28.80
189.90
52.48
123.77
128.89
100.95
148.01
59.88
211.09
105.89
127.65
202.46
122.99
58.46
64.68
27.39
93.72
18.52
67.02
114.76
50.53
133.68
88.99
120.77
158.64
231.35
102.43
95.68
98.53
58.52
264.12
167.57
21.17
91.67
23.48
130.56
101.14
125.80
13.14
80.27
183.84
98.12
99.80
13.58
60.49
135.71
76.44
161.95
224.14
24.46
192.16
136.58
15.23
113.22
140.97
70.69
230.78
7.38
113.68
14.29
85.32
66.31
106.96
85.86
125.77
97.87
95.57
