188.47
119.38
82.44
93.52
112.16
122.60
96.66
134.99
150.18
99.75
109.28
122.15
84.44
153.44
126.20
106.62
44.40
48.46
113.42
16.41
90.40
186.61
124.34
9.81
155.23
155.75
92.28
119.45
88.89
91.44
9.95
42.72
126.96
5.75
10.11
23.44
17.41
68.28
162.52
33.32
21.17
-0.72
88.10
133.68
81.88
41.01
165.14
129.29
22.07
131.25
119.14
13.22
26.99
126.93
114.99
24.60
111.52
50.01
134.55
102.17
19.46
33.75
92.22
30.11
183.23
18.28
105.18
13.68
126.25
89.21
105.97
82.37
129.60
131.77
116.85
3.09
45.23
173.12
100.22
89.34
7.47
20.10
132.30
73.13
150.58
128.99
130.97
114.45
127.38
35.59
27.84
25.60
45.62
63.92
128.56
118.14
105.88
82.31
136.13
9.03
