115.02
102.96
140.20
175.34
65.97
166.58
117.42
11.59
145.33
621.31
162.83
36.84
104.65
104.10
51.66
133.35
134.69
90.01
194.26
72.69
146.53
23.14
35.79
95.29
9.38
71.40
81.19
255.04
145.36
148.33
96.29
20.81
220.96
164.25
23.26
80.18
75.69
83.80
98.39
24.74
156.31
33.09
128.49
20.60
101.93
431.14
24.89
151.48
66.71
193.91
210.64
238.36
126.97
75.52
129.93
160.33
173.30
23.65
223.56
88.25
16.71
103.64
117.39
45.98
71.14
110.29
45.48
59.16
24.86
53.17
27.30
200.35
38.01
191.46
131.79
244.23
65.00
111.51
102.04
82.95
128.12
31.69
124.54
148.89
191.38
61.25
145.82
71.04
61.05
45.21
49.55
93.78
200.02
157.85
98.35
86.83
128.69
120.68
84.90
41.79
17.64
20.82
81.76
192.46
29.55
101.71
94.23
137.23
152.08
95.54
31.09
102.20
56.75
32.92
117.44
79.97
113.89
52.59
95.92
129.76
32.13
207.77
72.40
80.97
645.23
19.37
117.46
140.27
143.03
103.76
66.46
87.55
181.41
67.89
4.66
103.69
91.46
110.73
133.85
106.34
285.01
163.40
66.03
438.48
60.33
189.58
102.84
101.00
127.51
20.23
26.54
164.59
109.97
44.03
49.53
153.94
182.72
27.08
72.25
147.18
193.12
80.23
96.78
549.60
175.40
140.36
121.47
111.30
206.87
302.09
103.09
69.38
22.38
100.04
74.41
104.66
59.91
171.12
22.55
24.64
17.19
120.90
34.14
48.65
51.99
166.12
52.96
96.12
114.32
117.72
151.07
84.01
123.56
50.40
230.66
104.32
40.86
41.01
55.49
97.64
148.37
19.12
232.12
199.01
73.91
116.15
113.50
67.79
25.97
114.59
206.91
94.63
29.72
75.79
123.36
20.19
67.31
103.16
38.87
130.11
100.07
139.52
49.03
44.56
188.68
76.70
178.21
215.48
245.61
128.47
72.83
133.88
88.87
52.54
25.29
156.92
43.34
51.05
190.78
47.30
220.03
95.36
185.56
75.10
165.03
264.23
76.03
21.71
