38.89
107.96
20.58
130.78
213.91
135.43
76.29
85.08
71.12
101.35
73.98
127.15
111.61
21.17
176.59
246.74
139.04
148.99
137.10
81.16
10.11
194.55
74.86
9.39
60.98
19.39
148.17
165.38
157.76
70.63
82.04
55.98
88.14
89.81
136.39
211.42
174.52
27.28
6.55
47.23
213.36
105.66
214.01
86.50
163.74
4.01
165.56
47.25
197.81
19.31
116.97
153.01
106.98
164.74
79.57
112.46
115.21
77.76
35.18
111.30
220.32
63.80
192.31
21.21
158.03
123.17
134.23
155.90
163.53
123.25
21.88
41.84
137.22
219.95
28.48
39.28
84.62
19.42
15.45
279.47
7.85
2.80
129.13
119.77
91.03
26.10
59.47
204.58
78.93
36.06
116.57
10.30
144.71
3.41
127.74
78.36
177.56
21.62
9.81
15.72
